preFailMAXSCRT = 0.949889779091
preFailMAXSCRTinc = 23
preFailMAXSCRT_CF = 287.5
preFailQUADSCRT = 0.949889779091
preFailQUADSCRTinc = 23
preFailQUADSCRT_CF = 287.5